                               model  class 1 precision  class 1 recall  class 1 f1-score  class 0 precision  class 0 recall  class 0 f1-score  macro precision  macro recall  macro f1-score  accuracy       auc
0                        APPNPModel           0.100095        0.940741          0.180937           0.973064        0.201985          0.334529         0.536579      0.571363        0.257733  0.265679  0.712448
1                 APPNPModel_1Layer           0.147387        0.626667          0.238646           0.949183        0.657954          0.777182         0.548285      0.642310        0.507914  0.655256  0.720352
2                          GATModel           0.706587        0.524444          0.602041           0.956195        0.979452          0.967684         0.831391      0.751948        0.784862  0.940222  0.890977
3                          GCNModel           0.720339        0.377778          0.495627           0.943813        0.986162          0.964523         0.832076      0.681970        0.730075  0.933708  0.853552
4                          GINModel           0.203526        0.188148          0.195535           0.923942        0.930528          0.927223         0.563734      0.559338        0.561379  0.866522  0.740133
5                    GraphSAGEModel           0.836228        0.499259          0.625232           0.954484        0.990774          0.972291         0.895356      0.745017        0.798761  0.948397  0.924433
6                LinearChebNetModel           0.383978        0.411852          0.397427           0.944124        0.937657          0.940879         0.664051      0.674755        0.669153  0.892323  0.863017
7                    MixHopGATModel           0.859155        0.271111          0.412162           0.935399        0.995807          0.964658         0.897277      0.633459        0.688410  0.933325  0.935584
8           MixHopGCNModel_1dropout           0.864119        0.602963          0.710297           0.963577        0.991054          0.977122         0.913848      0.797008        0.843710  0.957594  0.927203
9                    MixHopGINModel           0.851508        0.543704          0.663653           0.958367        0.991054          0.974437         0.904938      0.767379        0.819045  0.952484  0.937450
10             MixHopGINModel_noBRD           0.831615        0.358519          0.501035           0.942558        0.993151          0.967193         0.887086      0.675835        0.734114  0.938434  0.894929
11  MixHopGraphSAGEModel_Bottleneck           0.949580        0.167407          0.284635           0.927108        0.999161          0.961787         0.938344      0.583284        0.623211  0.927449  0.881537
 ============================================================
                               model  class 1 precision  class 1 recall  class 1 f1-score  class 0 precision  class 0 recall  class 0 f1-score  macro precision  macro recall  macro f1-score  accuracy       auc
0                        APPNPModel           0.051820        0.980392          0.098437           0.992870        0.132100          0.233176         0.522345      0.556246        0.165807  0.171248  0.764914
1                 APPNPModel_1Layer           0.099454        0.803922          0.177010           0.985567        0.647812          0.781769         0.542511      0.725867        0.479390  0.655016  0.762385
2                          GATModel           0.510373        0.301471          0.379045           0.966860        0.986007          0.976340         0.738617      0.643739        0.677692  0.954417  0.832217
3                          GCNModel           0.432099        0.257353          0.322581           0.964759        0.983636          0.974106         0.698429      0.620494        0.648343  0.950119  0.804117
4                          GINModel           0.320988        0.063725          0.106339           0.956393        0.993478          0.974583         0.638690      0.528602        0.540461  0.950571  0.741263
5                    GraphSAGEModel           0.637615        0.340686          0.444089           0.968804        0.990632          0.979597         0.803210      0.665659        0.711843  0.960638  0.901580
6                LinearChebNetModel           0.239278        0.259804          0.249119           0.964039        0.960038          0.962034         0.601658      0.609921        0.605577  0.927723  0.819812
7                    MixHopGATModel           0.844828        0.120098          0.210300           0.959126        0.998933          0.978625         0.901977      0.559515        0.594462  0.958376  0.828984
8           MixHopGCNModel_1dropout           0.729592        0.350490          0.473510           0.969346        0.993715          0.981380         0.849469      0.672103        0.727445  0.964031  0.831866
9                    MixHopGINModel           0.655814        0.345588          0.452648           0.969047        0.991225          0.980011         0.812431      0.668407        0.716330  0.961430  0.851259
10             MixHopGINModel_noBRD           0.678899        0.181373          0.286267           0.961750        0.995850          0.978503         0.820324      0.588611        0.632385  0.958263  0.817441
11  MixHopGraphSAGEModel_Bottleneck           0.932203        0.134804          0.235546           0.959804        0.999526          0.979262         0.946004      0.567165        0.607404  0.959620  0.729105