                              model  class 1 precision  class 1 recall  class 1 f1-score  class 0 precision  class 0 recall  class 0 f1-score  macro precision  macro recall  macro f1-score  accuracy       auc
0                APPNPModel_1Layer           0.000000        0.000000          0.000000           0.913782        1.000000          0.954949         0.456891      0.500000        0.477474  0.913782  0.797748
1                         GATModel           0.500000        0.002963          0.005891           0.913994        0.999720          0.954937         0.706997      0.501342        0.480414  0.913782  0.839961
2                         GCNModel           0.705882        0.106667          0.185328           0.921962        0.995807          0.957463         0.813922      0.551237        0.571395  0.919147  0.841773
3                         GINModel           0.162382        0.711111          0.264390           0.959984        0.653900          0.777916         0.561183      0.682506        0.521153  0.658833  0.742854
4                   GraphSAGEModel           0.708333        0.025185          0.048641           0.915695        0.999022          0.955545         0.812014      0.512103        0.502093  0.915059  0.874671
5               LinearChebNetModel           0.666667        0.619259          0.642089           0.964315        0.970786          0.967540         0.815491      0.795022        0.804814  0.940478  0.924520
6                   MixHopGATModel           0.606715        0.749630          0.670643           0.975840        0.954152          0.964874         0.791277      0.851891        0.817758  0.936518  0.926900
7          MixHopGCNModel_1dropout           0.855643        0.482963          0.617424           0.953142        0.992312          0.972333         0.904392      0.737637        0.794878  0.948397  0.932332
8                   MixHopGINModel           0.707646        0.699259          0.703428           0.971656        0.972743          0.972199         0.839651      0.836001        0.837813  0.949163  0.935817
9  MixHopGraphSAGEModel_Bottleneck           0.416320        0.740741          0.533049           0.973597        0.902013          0.936439         0.694958      0.821377        0.734744  0.888108  0.924836
 ============================================================
                              model  class 1 precision  class 1 recall  class 1 f1-score  class 0 precision  class 0 recall  class 0 f1-score  macro precision  macro recall  macro f1-score  accuracy       auc
0                APPNPModel_1Layer           0.000000        0.000000          0.000000           0.953851        1.000000          0.976381         0.476926      0.500000        0.488190  0.953851  0.792933
1                         GATModel           0.000000        0.000000          0.000000           0.953846        0.999881          0.976321         0.476923      0.499941        0.488161  0.953738  0.792106
2                         GCNModel           0.617647        0.154412          0.247059           0.960522        0.995375          0.977638         0.789084      0.574894        0.612348  0.956566  0.803024
3                         GINModel           0.058351        0.551471          0.105535           0.963290        0.569430          0.715755         0.510820      0.560450        0.410645  0.568601  0.607657
4                   GraphSAGEModel           0.125000        0.002451          0.004808           0.953923        0.999170          0.976022         0.539461      0.500810        0.490415  0.953173  0.835393
5               LinearChebNetModel           0.372197        0.406863          0.388759           0.971173        0.966797          0.968980         0.671685      0.686830        0.678870  0.940957  0.781336
6                   MixHopGATModel           0.263010        0.458333          0.334227           0.972817        0.937863          0.955020         0.617913      0.698098        0.644624  0.915734  0.791506
7          MixHopGCNModel_1dropout           0.567442        0.299020          0.391653           0.966844        0.988972          0.977783         0.767143      0.643996        0.684718  0.957132  0.791343
8                   MixHopGINModel           0.386813        0.431373          0.407879           0.972335        0.966916          0.969618         0.679574      0.699144        0.688749  0.942201  0.802775
9  MixHopGraphSAGEModel_Bottleneck           0.184564        0.539216          0.275000           0.975422        0.884739          0.927870         0.579993      0.711977        0.601435  0.868793  0.831898